NURE <- structure(list(ppm = c(2.84, 2.24, 2.1, 2.4, 2.58, 2.65, 2.34, 
	2.35, 6.1, 6.1, 4, 5.7, 5.6, 4.8, 6.4, 4.6, 8.9, 5.9, 5.1, 11.6, 
	6.8, 10.9, 5, 11.3, 6.5, 8, 11.4, 7.1, 11, 2.2, 5.4, 6.1, 5.6, 
	14.9, 4, 4.2, 10.7, 8.7, 6.3, 6.9, 14.8, 6.8, 5.8, 6.2, 4.7, 
	5.9, 4.9, 3.7, 4.7, 4.5, 4.6, 7, 4, 9, 2.2, 8.5, 5.5, 4.4, 16.3, 
	6.1, 12.2, 6.4, 5, 6.4, 3.8, 6.1, 4.4, 8.4, 9.9, 4.6, 7.5, 3.6, 
	3.9, 4.1, 5.3, 3.7, 7.5, 4.1, 4.8, 5, 6.4, 3.3, 8.9, 5.3, 4.4, 
	5.7, 6.4, 3.3, 3.7, 3.9, 4, 3.2, 3.4, 3.3, 2.6, 4.5, 4.9, 4.6, 
	3.4, 3, 4.6, 5.2, 24.9, 7.4, 8.8, 3, 3.9, 5.9, 6.6, 9.6, 7.6, 
	8.1, 6, 5.5, 5, 5.8, 10.4, 25.1, 6.1, 6.7, 5.9, 5.5, 4.5, 4.5, 
	4.2, 5.6, 7, 5, 4.5, 3.6, 4.4, 4.6, 10, 5.3, 4.9, 3.6, 5.1, 3.7, 
	6.7, 4.7, 2.9, 3.8, 4.9, 4.3, 6.4, 6.9, 2.6, 3.5, 3.5, 1.8, 4.8, 
	2.9, 3.1, 1.6, 2.4, 6.9, 4.3, 3.8, 4.4, 3.1, 3.4, 4.6, 8.7, 2.5, 
	23.1, 5.1, 4, 5.8, 1.7, 10, 5.3, 4.4, 4.8, 8.5, 4.6, 4.1, 5.6, 
	5.3, 5, 4.7, 3.7, 7, 3.4, 4.3, 9.4, 3.5, 7.3, 3, 4.3, 4.1, 4.3, 
	3.4, 6.3, 4, 3.7, 5.3, 4.2, 4, 4.6, 3, 4.9, 5.4, 3.6, 10.4, 8, 
	14.8, 9.5, 6.2, 6.4, 3.7, 6.9, 7.6, 3.2, 7, 8.3, 2.6, 6.6, 5.5, 
	6.9, 5, 3.7, 5.4, 11.6, 8.4, 3.1, 5.6, 5.1, 3.9, 5.7, 12.8, 3.5, 
	7, 11.2, 7, 3.2, 10.5, 2.6, 9.3, 4.1, 3.6, 3.7, 4.5, 8.2, 5, 
	5.6, 3.2, 5.9, 4.7, 5.1, 2, 9, 3.4, 12.4, 13.1, 2.1, 4.6, 4.5, 
	3.4, 4.3, 5.5, 6.6, 4.4, 3.6, 2.8, 4.5, 3.5, 5.3, 3, 3.7, 3.9, 
	5.6, 3.2, 5.1, 7.6, 9.5, 7.8, 6.6, 7.2, 5.5, 4.6, 3.2, 6.8, 6.7, 
	5.3, 4.3, 6.9, 3.9, 8.9, 5.3, 5.8, 7, 6.8, 8.4, 6.8, 7.4, 3.5, 
	5.8, 5.9), measurement = c(1, 1, 1, 1, 1, 1, 1, 1, 2, 2, 2, 2, 
	2, 2, 2, 2, 2, 2, 2, 2, 2, 2, 2, 2, 2, 2, 2, 2, 2, 2, 2, 2, 2, 
	2, 2, 2, 2, 2, 2, 2, 2, 2, 2, 2, 2, 2, 2, 2, 2, 2, 2, 2, 2, 2, 
	2, 2, 2, 2, 2, 2, 2, 2, 2, 2, 2, 2, 2, 2, 2, 2, 2, 2, 2, 2, 2, 
	2, 2, 2, 2, 2, 2, 2, 2, 2, 2, 2, 2, 2, 2, 2, 2, 2, 2, 2, 2, 2, 
	2, 2, 2, 2, 2, 2, 2, 2, 2, 2, 2, 2, 2, 2, 2, 2, 2, 2, 2, 2, 2, 
	2, 2, 2, 2, 2, 2, 2, 2, 2, 2, 2, 2, 2, 2, 2, 2, 2, 2, 2, 2, 2, 
	2, 2, 2, 2, 2, 2, 2, 2, 2, 2, 2, 2, 2, 2, 2, 2, 2, 2, 2, 2, 2, 
	2, 2, 2, 2, 2, 2, 2, 2, 2, 2, 2, 2, 2, 2, 2, 2, 2, 2, 2, 2, 2, 
	2, 2, 2, 2, 2, 2, 2, 2, 2, 2, 2, 2, 2, 2, 2, 2, 2, 2, 2, 2, 2, 
	2, 2, 2, 2, 2, 2, 2, 2, 2, 2, 2, 2, 2, 2, 2, 2, 2, 2, 2, 2, 2, 
	2, 2, 2, 2, 2, 2, 2, 2, 2, 2, 2, 2, 2, 2, 2, 2, 2, 2, 2, 2, 2, 
	2, 2, 2, 2, 2, 2, 2, 2, 2, 2, 2, 2, 2, 2, 2, 2, 2, 2, 2, 2, 2, 
	2, 2, 2, 2, 2, 2, 2, 2, 2, 2, 2, 2, 2, 2, 2, 2, 2, 2, 2, 2, 2, 
	2, 2, 2, 2, 2, 2, 2, 2, 2, 2, 2, 2, 2), lon = c(NA, NA, NA, NA, 
	NA, NA, NA, NA, -73.2973, -73.3379, -73.3501, -73.3957, -73.2335, 
	-73.253, -73.434, -73.516, -73.3032, -73.2863, -73.2971, -73.311, 
	-73.4496, -73.5174, -73.3165, -73.4388, -73.492, -73.3972, -73.4594, 
	-73.1738, -73.6695, -73.517, -73.4911, -73.1746, -73.5036, -73.4095, 
	-73.435, -73.2365, -73.4135, -73.1468, -73.1052, -73.5517, -73.6031, 
	-73.196, -73.4689, -73.1353, -73.1151, -72.9678, -72.7448, -72.6618, 
	-72.5516, -72.9032, -72.962, -72.9047, -72.9583, -72.956, -72.8552, 
	-73.0163, -72.675, -72.6458, -72.719, -72.8177, -72.857, -72.9128, 
	-72.848, -72.7528, -72.6675, -72.7036, -72.8111, -72.9142, -72.8561, 
	-72.7531, -72.6683, -72.7199, -72.8147, -72.6933, -72.7997, -72.7378, 
	-72.6029, -72.6011, -72.5488, -72.6018, -72.6027, -72.4851, -72.4939, 
	-72.6013, -72.4487, -72.4851, -72.5933, -72.6548, -72.86, -72.6566, 
	-72.541, -72.7899, -72.6061, -73.3401, -73.4299, -73.2947, -73.1321, 
	-73.0594, -73.2997, -73.1969, -73.1704, -73.2471, -73.2003, -73.0971, 
	-73.0686, -73.1548, -73.2386, -73.188, -73.1029, -73.0062, -73.0509, 
	-73.1445, -73.2339, -73.1542, -73.0412, -73.1436, -73.2569, -73.2147, 
	-73.0844, -73.0119, -73.0311, -73.1574, -73.2668, -73.1882, -73.1026, 
	-73.0009, -72.9496, -73.0364, -73.1588, -73.2747, -73.3435, -73.3571, 
	-73.461, -73.3027, -73.2963, -73.3974, -73.4437, -73.3459, -73.3078, 
	-73.4156, -73.4933, -73.4516, -73.3418, -73.2891, -73.3954, -73.4561, 
	-73.395, -73.3071, -73.3649, -73.4555, -73.2924, -73.4456, -73.4053, 
	-73.4342, -73.3478, -73.0483, -73.3268, -73.2404, -73.1414, -72.7306, 
	-72.6518, -72.6243, -72.5965, -72.6643, -72.3461, -72.4422, -72.5843, 
	-72.4016, -72.4805, -72.5292, -72.6073, -72.6871, -72.4447, -72.3946, 
	-72.4794, -72.4813, -72.5286, -72.3839, -72.3279, -72.6667, -72.6683, 
	-72.892, -72.9984, -73.0027, -73.0394, -72.6929, -72.9329, -73.0057, 
	-73.0241, -73.0381, -73.0527, -73.0547, -73.0948, -73.0849, -73.1036, 
	-73.1371, -73.1378, -73.1391, -72.991, -73.1763, -73.2293, -73.2299, 
	-73.319, -72.5924, -73.0233, -72.955, -72.7662, -72.7663, -72.8375, 
	-72.7832, -72.8162, -72.7869, -72.7757, -72.7173, -72.6223, -72.7221, 
	-72.9788, -72.8309, -72.8949, -72.238, -72.2863, -72.233, -72.3882, 
	-72.3375, -72.1267, -72.2872, -72.2918, -72.4067, -72.0474, -72.0766, 
	-72.1921, -72.2352, -72.3084, -72.0026, -72.1836, -72.1736, -72.0118, 
	-72.216, -72.2052, -72.1377, -72.1312, -72.0173, -72.1364, -72.2057, 
	-72.0421, -72.1585, -72.2225, -72.3043, -72.4475, -72.3494, -72.304, 
	-72.3464, -72.1455, -72.2497, -72.3522, -72.4537, -72.4846, -72.3988, 
	-72.3274, -72.4464, -72.4763, -72.3942, -72.356, -72.3362, -72.296, 
	-72.3847, -72.4042, -72.2941, -72.234, -72.1985, -72.2904, -72.4021, 
	-72.4583, -72.4416, -72.385, -72.2261, -72.2641, -72.1941, -72.2809, 
	-72.2479, -72.1015, -72.1707, -72.1706, -72.1355, -72.0798, -72.1388, 
	-72.1057, -72.2011, -72.0013, -72.0413, -72.2036, -72.1352, -72.1512, 
	-72.0912, -72.084, -72.0287, -72.022, -72.0021),