simIowa <-  structure(list(areal = c(1, 1, 1, 1, 1, 1, 1, 1, 1, 1, 1, 1,
   1, 1, 1, 1, 1, 1, 1, 1, 1, 1, 1, 1, 1, 1, 1, 1, 1, 1, 1, 1, 1,
   1, 1, 1, 1, 1, 1, 1, 1, 1, 1, 1, 1, 1, 1, 1, 1, 1, 1, 1, 1, 1,
   1, 1, 1, 1, 1, 1, 1, 1, 1, 1, 1, 1, 1, 1, 1, 1, 1, 1, 1, 1, 1,
   1, 1, 1, 1, 1, 1, 1, 1, 1, 1, 1, 1, 1, 1, 1, 1, 1, 1, 1, 1, 1,
   1, 1, 1, 0, 0, 0, 0, 0, 0, 0, 0, 0, 0, 0, 0, 0, 0, 0, 0, 0, 0,
   0, 0, 0, 0, 0, 0, 0, 0, 0, 0, 0, 0, 0, 0, 0, 0, 0, 0, 0, 0, 0,
   0, 0, 0, 0, 0, 0, 0, 0, 0, 0, 0, 0, 0, 0, 0, 0, 0, 0, 0, 0, 0,
   0, 0, 0, 0, 0, 0, 0, 0, 0, 0, 0, 0, 0, 0, 0, 0, 0, 0, 0, 0, 0,
   0, 0, 0, 0, 0, 0, 0, 0, 0, 0, 0, 0, 0, 0, 0, 0, 0, 0, 0, 0, 0,
   0, 0, 0, 0, 0, 0, 0, 0, 0, 0, 0, 0, 0, 0, 0, 0, 0, 0, 0, 0, 0,
   0, 0, 0, 0, 0, 0, 0, 0, 0, 0, 0, 0, 0, 0, 0, 0, 0, 0, 0, 0, 0,
   0, 0, 0, 0, 0, 0, 0, 0, 0, 0, 0, 0, 0, 0, 0, 0, 0, 0, 0, 0, 0,
   0, 0, 0, 0, 0, 0, 0, 0, 0, 0, 0, 0, 0, 0, 0, 0, 0, 0, 0, 0, 0,
   0, 0, 0, 0, 0, 0, 0, 0, 0, 0, 0, 0, 0, 0, 0, 0, 0, 0, 0, 0, 0,
   0, 0, 0, 0, 0, 0, 0, 0, 0, 0, 0, 0, 0, 0, 0, 0, 0, 0, 0, 0, 0,
   0, 0, 0, 0, 0, 0, 0, 0, 0, 0, 0, 0, 0, 0, 0, 0, 0, 0, 0, 0, 0,
   0, 0, 0, 0, 0, 0, 0, 0, 0, 0, 0, 0, 0, 0, 0, 0, 0, 0, 0, 0, 0,
   0, 0, 0, 0, 0, 0, 0, 0, 0, 0, 0, 0, 0, 0, 0, 0, 0, 0, 0, 0, 0,
   0, 0, 0, 0, 0, 0, 0, 0, 0, 0, 0, 0, 0, 0, 0, 0, 0, 0, 0, 0, 0,
   0, 0, 0, 0, 0, 0, 0, 0, 0, 0, 0, 0, 0, 0, 0, 0, 0, 0, 0, 0, 0,
   0, 0, 0, 0, 0, 0, 0, 0, 0, 0, 0, 0, 0, 0, 0, 0, 0, 0, 0, 0, 0,
   0, 0, 0, 0, 0, 0, 0, 0, 0, 0, 0, 0, 0, 0, 0, 0, 0, 0, 0, 0, 0,
   0, 0, 0, 0, 0, 0, 0, 0, 0, 0, 0, 0, 0, 0, 0, 0, 0, 0, 0, 0, 0,
   0, 0, 0, 0, 0, 0, 0, 0, 0, 0, 0, 0, 0, 0, 0, 0, 0, 0, 0, 0, 0,
   0, 0, 0, 0, 0, 0, 0, 0, 0, 0, 0, 0, 0, 0, 0, 0, 0, 0, 0, 0, 0,
   0, 0, 0, 0, 0, 0, 0, 0, 0, 0, 0, 0, 0, 0, 0, 0, 0, 0, 0, 0, 0,
   0, 0, 0, 0, 0, 0, 0, 0, 0, 0, 0, 0, 0, 0, 0, 0, 0, 0, 0, 0, 0,
   0, 0, 0, 0, 0, 0, 0, 0, 0, 0, 0, 0, 0, 0, 0, 0, 0, 0, 0, 0, 0,
   0, 0, 0, 0, 0, 0, 0, 0, 0, 0, 0, 0, 0, 0, 0, 0, 0, 0, 0, 0, 0,
   0, 0, 0, 0, 0, 0, 0, 0, 0, 0, 0, 0, 0, 0, 0, 0, 0, 0, 0, 0, 0,
   0, 0, 0, 0, 0, 0, 0, 0, 0, 0, 0, 0, 0, 0, 0, 0, 0, 0, 0, 0, 0,
   0, 0, 0, 0, 0, 0, 0, 0, 0, 0, 0, 0, 0, 0, 0, 0, 0, 0, 0, 0, 0,
   0, 0, 0, 0, 0, 0, 0, 0, 0, 0, 0, 0, 0, 0, 0), y = c(0.580629645102477,
   0.780788822885189, 0.568235784109859, 0.361919213714808, 0.427255185764922,
   0.517466619760825, 0.637271560648239, 0.495222504562392, 0.666598622988729,
   0.446319998382059, 0.529232640036549, 1.32327244011141, 0.434223116207268,
   0.941733380853064, 0.987131008415194, 0.772168815649613, 0.251797520519587,
   0.755068229553904, 0.73253082608331, 0.538062117556113, 1.32987029612709,
   0.327888247214127, 0.965637544257278, 0.219848390326000, 0.57321124337504,
   1.21133796829759, -0.0370229504647693, 0.496871912260185, 0.545056532806914,
   0.879674781888749, -0.156488234661048, -0.219823560877866, 0.225224258478326,
   0.782875471214117, 0.215503821775852, 0.631620594168521, 0.0667025098527692,
   0.611690819093364, 0.747448565833064, 0.233099094922207, -0.273603974225508,
   -0.0169791943208804, 0.579681348660125, 1.12038871445164, 0.449584772493396,
   0.595610269325198, -0.0237303855618389, 0.248054695923887, 0.135354544639186,
   0.304295792154458, 0.450196747390352, 0.817602698366508, 0.555240949897749,
   0.394314237739788, 0.00855805588438549, 0.410677666153219, 0.162085839936111,
   1.65407556427104, 0.109155900921332, 0.367999743867854, 1.03369919215555,
   0.532584204863835, 0.829104154379769, 0.268165295770784, -0.00132477250589338,
   0.514363849910710, 0.666083305573297, 0.386359555513102, 0.662177109628939,
   1.08252144484462, 1.48875156480801, 0.571959456187218, 0.465687472687607,
   0.161154859591458, 1.77572112562483, 0.47188067691937, 1.08264188813931,
   0.837985307531167, 0.254081589667243, 0.334865655302062, 0.241774695427018,
   0.900579199800287, 1.11084762701729, 0.806751538566311, -0.544140856278265,
   0.843465443507395, 0.589855365703396, 0.172573646954385, 0.202231001973156,
   1.05104040475717, 1.16217227538937, 0.927269561923088, 0.883026046120064,
   0.505933828569561, 1.10730497548778, 0.63806320535994, 0.332915782578275,
   0.714478989892466, 0.601925871998077, 1.29174205643264, 0.247980078083521,
   -0.056169094458113, -0.083346776264512, -0.0154274962094907,
   0.85723729146799, -0.307796411788271, -0.437070780250261, -0.878801174050108,
   -1.00536079957274, -0.86235832754677, -0.544165879085233, -0.493012570198829,
   1.36086958865057, 0.0342185065522178, 0.363608884527379, 0.929293197332869,
   -0.103234178521033, -0.0440795162640756, 0.313761591347991, -0.163498809464300,
   0.737489347343374, 0.178070865307753, -0.411390736673571, 0.715939380006362,
   0.620557116138409, 0.228141981865162, 0.453414339373627, -0.268009714629175,
   -0.410883014147151, -0.751113595805463, -0.188537606118952, 0.926960256884555,
   -0.186192587510847, 0.082533186285266, 0.0438398283659769, -0.271024398618862,
   1.25016110680448, 0.739202427011935, 0.380061558939905, -0.125114252903915,
   -0.426302662061644, -0.0583591216338062, -0.588709505477534,
   0.00269235703946741, 0.0961317073366338, -0.348167758933219,
   -1.41568268298279, -0.534505482336864, 1.06987015342806, 1.48277493124773,
   -0.48798749600045, -0.835058142843872, -0.285728482476574, -0.917869877247206,
   0.233169129014045, 0.337721698946394, -0.474936454949832, -1.46354652509274,
   -0.891629289233006, -0.961998539323899, 0.287209067347522, 0.603471713114415,
   0.0518843551862653, 0.0527201961482516, 1.44032706129311, -0.00378741654120343,
   0.400524814073142, -0.176889918309497, -0.654557825453623, 1.73432404112708,
   1.23093421307187, 1.45080095972668, 0.455992759069702, 0.833492232922382,
   -0.306004177528717, 2.44950351157734, 0.493271588200393, 0.0296473679375359,
   0.604733426307327, -0.053784015102318, -0.854388094394558, -0.904262503698263,
   1.28706871250215, 0.0757429707969747, 0.394869971743239, 1.41180806617003,
   1.46109421171555, 1.15524134998817, 0.632316761177885, 1.31891409955137,
   1.23845602524153, 0.761543851365571, -0.00567524293992583, 0.836736453062989,
   -0.297966961190417, -0.935383246763693, -0.379394098685898, -0.448108672139174,
   -0.507788568153948, -0.749410414402064, 0.995312255909934, 1.37555313538863,
   0.222582238000388, -1.08715158043105, -0.384570514674750, 0.0393331486052103,
   0.42085485828229, 0.630141345455522, 0.472666837912596, 0.389657846306275,
   0.121248488655876, 0.370379205589766, -0.853287912211694, -1.13377075676959,
   0.00311658875727217, -0.0351264006316868, -1.26366064378593,
   -0.393687608324914, -0.396007791220633, 0.375983347160865, 1.04913655277403,
   0.442209839172781, 0.902211770151083, 0.982948821244416, 0.655344613513937,
   0.275480225624208, -0.684607731970897, 0.259564052281259, 0.773851049363193,
   -1.43889921087197, -0.780943047401012, 0.510051928941776, -0.868151483663164,
   -0.810013237611787, 1.58628961607465, -1.75968279289983, 0.662278086180643,
   1.95532012580834, 1.25888512514102, 0.831463559688906, 0.858320610459473,
   -0.812127375393631, 0.360833608180885, -0.680733419540323, 0.00140381999691569,
   0.308366464783949, -0.805438286833182, 0.849705752998103, 0.178820246719015,
   0.394805289755691, 0.152852281754345, -0.350061537966029, -0.672271673964484,
   -0.638154741187235, -0.3573892592916, 0.225509794629901, -0.0288770110542428,
   -0.899003373231366, 0.766344758282152, 0.378294906811224, 0.372151891140945,
   0.100805095172938, -1.31351778267564, 0.568421664070838, 1.18256272272963,
   -0.84901010470455, 0.165103486924324, 0.220765323624823, 0.4981287932624,
   0.999532358754287, 1.15780784038986, 1.81728274491659, -0.910588271254077,
   -1.09375977277799, -0.529854832586149, 0.454996545820873, 0.400355482217966,
   -0.385366234881134, -0.656966869709263, -0.480602783246747, -1.54080576543998,
   0.64369004715974, 1.25461620107655, -1.60373855547525, -0.817667683006703,
